       Jan.       Feb.       Mar.       Apr.       May        June       July       Aug.       Sept.      Oct.       Nov.       Dec.  
Day Rise  Set  Rise  Set  Rise  Set  Rise  Set  Rise  Set  Rise  Set  Rise  Set  Rise  Set  Rise  Set  Rise  Set  Rise  Set  Rise  Set
     h m  h m   h m  h m   h m  h m   h m  h m   h m  h m   h m  h m   h m  h m   h m  h m   h m  h m   h m  h m   h m  h m   h m  h m
01  0750 1705  0736 1740  0657 1815  0606 1850  0521 1922  0453 1951  0455 2001  0520 1940  0551 1856  0621 1805  0656 1719  0731 1655
02  0750 1706  0735 1741  0656 1817  0605 1851  0519 1923  0453 1952  0456 2001  0521 1939  0552 1854  0622 1803  0657 1717  0732 1655
03  0750 1707  0733 1743  0654 1818  0603 1852  0518 1924  0452 1953  0456 2000  0522 1938  0553 1852  0623 1801  0658 1716  0733 1655
04  0750 1708  0732 1744  0653 1819  0601 1853  0517 1925  0452 1953  0457 2000  0523 1937  0554 1851  0624 1800  0700 1715  0734 1655
05  0750 1709  0731 1745  0651 1820  0600 1854  0516 1926  0452 1954  0457 2000  0524 1935  0555 1849  0625 1758  0701 1714  0735 1655
06  0750 1710  0730 1746  0650 1821  0558 1855  0515 1927  0451 1955  0458 1959  0525 1934  0556 1847  0627 1757  0702 1713  0736 1655
07  0750 1711  0729 1748  0648 1822  0556 1856  0513 1928  0451 1955  0459 1959  0526 1933  0557 1846  0628 1755  0703 1712  0737 1655
08  0750 1712  0728 1749  0646 1823  0555 1857  0512 1929  0451 1956  0459 1959  0527 1932  0558 1844  0629 1753  0704 1711  0737 1655
09  0749 1713  0727 1750  0645 1825  0553 1858  0511 1930  0451 1956  0500 1958  0528 1930  0559 1842  0630 1752  0706 1710  0738 1655
10  0749 1714  0726 1751  0643 1826  0552 1859  0510 1931  0451 1957  0501 1958  0529 1929  0600 1841  0631 1750  0707 1709  0739 1655
11  0749 1715  0724 1753  0641 1827  0550 1900  0509 1932  0451 1957  0501 1957  0530 1928  0601 1839  0632 1748  0708 1708  0740 1655
12  0749 1716  0723 1754  0640 1828  0548 1902  0508 1933  0450 1958  0502 1957  0531 1926  0602 1837  0633 1747  0709 1707  0741 1655
13  0748 1717  0722 1755  0638 1829  0547 1903  0507 1934  0450 1958  0503 1956  0532 1925  0603 1836  0634 1745  0710 1706  0742 1655
14  0748 1718  0721 1756  0636 1830  0545 1904  0506 1935  0450 1959  0504 1956  0533 1923  0604 1834  0635 1744  0712 1705  0742 1656
15  0748 1719  0719 1758  0635 1831  0544 1905  0505 1936  0450 1959  0504 1955  0534 1922  0605 1832  0636 1742  0713 1704  0743 1656
16  0747 1720  0718 1759  0633 1832  0542 1906  0504 1937  0450 1959  0505 1954  0535 1921  0606 1830  0637 1741  0714 1703  0744 1656
17  0747 1722  0717 1800  0631 1833  0541 1907  0503 1938  0451 2000  0506 1954  0536 1919  0607 1829  0639 1739  0715 1703  0744 1657
18  0746 1723  0715 1801  0630 1835  0539 1908  0502 1939  0451 2000  0507 1953  0537 1918  0608 1827  0640 1738  0716 1702  0745 1657
19  0746 1724  0714 1802  0628 1836  0538 1909  0501 1940  0451 2000  0508 1952  0538 1916  0609 1825  0641 1736  0717 1701  0745 1657
20  0745 1725  0712 1804  0626 1837  0536 1910  0501 1941  0451 2000  0509 1952  0539 1915  0610 1824  0642 1735  0719 1700  0746 1658
21  0744 1726  0711 1805  0625 1838  0535 1911  0500 1942  0451 2001  0510 1951  0540 1913  0611 1822  0643 1733  0720 1700  0747 1658
22  0744 1728  0710 1806  0623 1839  0533 1912  0459 1943  0452 2001  0510 1950  0541 1912  0612 1820  0644 1732  0721 1659  0747 1659
23  0743 1729  0708 1807  0621 1840  0532 1913  0458 1944  0452 2001  0511 1949  0542 1910  0613 1818  0645 1730  0722 1659  0747 1659
24  0742 1730  0707 1808  0620 1841  0530 1914  0458 1945  0452 2001  0512 1948  0543 1909  0614 1817  0647 1729  0723 1658  0748 1700
25  0742 1731  0705 1810  0618 1842  0529 1915  0457 1946  0452 2001  0513 1947  0544 1907  0615 1815  0648 1728  0724 1658  0748 1701
26  0741 1732  0704 1811  0616 1843  0527 1917  0456 1946  0453 2001  0514 1946  0545 1905  0616 1813  0649 1726  0725 1657  0749 1701
27  0740 1734  0702 1812  0615 1844  0526 1918  0456 1947  0453 2001  0515 1945  0546 1904  0617 1812  0650 1725  0727 1657  0749 1702
28  0739 1735  0701 1813  0613 1845  0525 1919  0455 1948  0454 2001  0516 1944  0547 1902  0618 1810  0651 1724  0728 1656  0749 1703
29  0738 1736  0659 1814  0611 1847  0523 1920  0455 1949  0454 2001  0517 1943  0548 1901  0619 1808  0652 1722  0729 1656  0749 1703
30  0737 1737             0610 1848  0522 1921  0454 1950  0455 2001  0518 1942  0549 1859  0620 1807  0654 1721  0730 1656  0749 1704
31  0736 1739             0608 1849             0454 1950             0519 1941  0550 1857             0655 1720             0750 1705

daylight savings time
{"springForward":"2020-03-08", "fallBack":"2020-11-01"}